{
 "cells": [
  {
   "cell_type": "code",
   "execution_count": 2,
   "metadata": {},
   "outputs": [],
   "source": [
    "%matplotlib inline\n",
    "import matplotlib.pyplot as plt\n",
    "import numpy as np\n",
    "import pandas as pd\n"
   ]
  },
  {
   "cell_type": "code",
   "execution_count": 3,
   "metadata": {},
   "outputs": [],
   "source": [
    "from sklearn.datasets import load_boston"
   ]
  },
  {
   "cell_type": "code",
   "execution_count": 4,
   "metadata": {},
   "outputs": [],
   "source": [
    "bsdt = load_boston()"
   ]
  },
  {
   "cell_type": "code",
   "execution_count": 8,
   "metadata": {},
   "outputs": [],
   "source": [
    "bsdt_ftn = bsdt.feature_names"
   ]
  },
  {
   "cell_type": "code",
   "execution_count": 9,
   "metadata": {},
   "outputs": [],
   "source": [
    "bs = pd.DataFrame(bsdt.data,columns = bsdt_ftn)"
   ]
  },
  {
   "cell_type": "code",
   "execution_count": 11,
   "metadata": {},
   "outputs": [
    {
     "data": {
      "text/html": [
       "<div>\n",
       "<style scoped>\n",
       "    .dataframe tbody tr th:only-of-type {\n",
       "        vertical-align: middle;\n",
       "    }\n",
       "\n",
       "    .dataframe tbody tr th {\n",
       "        vertical-align: top;\n",
       "    }\n",
       "\n",
       "    .dataframe thead th {\n",
       "        text-align: right;\n",
       "    }\n",
       "</style>\n",
       "<table border=\"1\" class=\"dataframe\">\n",
       "  <thead>\n",
       "    <tr style=\"text-align: right;\">\n",
       "      <th></th>\n",
       "      <th>CRIM</th>\n",
       "      <th>ZN</th>\n",
       "      <th>INDUS</th>\n",
       "      <th>CHAS</th>\n",
       "      <th>NOX</th>\n",
       "      <th>RM</th>\n",
       "      <th>AGE</th>\n",
       "      <th>DIS</th>\n",
       "      <th>RAD</th>\n",
       "      <th>TAX</th>\n",
       "      <th>PTRATIO</th>\n",
       "      <th>B</th>\n",
       "      <th>LSTAT</th>\n",
       "    </tr>\n",
       "  </thead>\n",
       "  <tbody>\n",
       "    <tr>\n",
       "      <th>0</th>\n",
       "      <td>0.00632</td>\n",
       "      <td>18.0</td>\n",
       "      <td>2.31</td>\n",
       "      <td>0.0</td>\n",
       "      <td>0.538</td>\n",
       "      <td>6.575</td>\n",
       "      <td>65.2</td>\n",
       "      <td>4.0900</td>\n",
       "      <td>1.0</td>\n",
       "      <td>296.0</td>\n",
       "      <td>15.3</td>\n",
       "      <td>396.90</td>\n",
       "      <td>4.98</td>\n",
       "    </tr>\n",
       "    <tr>\n",
       "      <th>1</th>\n",
       "      <td>0.02731</td>\n",
       "      <td>0.0</td>\n",
       "      <td>7.07</td>\n",
       "      <td>0.0</td>\n",
       "      <td>0.469</td>\n",
       "      <td>6.421</td>\n",
       "      <td>78.9</td>\n",
       "      <td>4.9671</td>\n",
       "      <td>2.0</td>\n",
       "      <td>242.0</td>\n",
       "      <td>17.8</td>\n",
       "      <td>396.90</td>\n",
       "      <td>9.14</td>\n",
       "    </tr>\n",
       "    <tr>\n",
       "      <th>2</th>\n",
       "      <td>0.02729</td>\n",
       "      <td>0.0</td>\n",
       "      <td>7.07</td>\n",
       "      <td>0.0</td>\n",
       "      <td>0.469</td>\n",
       "      <td>7.185</td>\n",
       "      <td>61.1</td>\n",
       "      <td>4.9671</td>\n",
       "      <td>2.0</td>\n",
       "      <td>242.0</td>\n",
       "      <td>17.8</td>\n",
       "      <td>392.83</td>\n",
       "      <td>4.03</td>\n",
       "    </tr>\n",
       "    <tr>\n",
       "      <th>3</th>\n",
       "      <td>0.03237</td>\n",
       "      <td>0.0</td>\n",
       "      <td>2.18</td>\n",
       "      <td>0.0</td>\n",
       "      <td>0.458</td>\n",
       "      <td>6.998</td>\n",
       "      <td>45.8</td>\n",
       "      <td>6.0622</td>\n",
       "      <td>3.0</td>\n",
       "      <td>222.0</td>\n",
       "      <td>18.7</td>\n",
       "      <td>394.63</td>\n",
       "      <td>2.94</td>\n",
       "    </tr>\n",
       "    <tr>\n",
       "      <th>4</th>\n",
       "      <td>0.06905</td>\n",
       "      <td>0.0</td>\n",
       "      <td>2.18</td>\n",
       "      <td>0.0</td>\n",
       "      <td>0.458</td>\n",
       "      <td>7.147</td>\n",
       "      <td>54.2</td>\n",
       "      <td>6.0622</td>\n",
       "      <td>3.0</td>\n",
       "      <td>222.0</td>\n",
       "      <td>18.7</td>\n",
       "      <td>396.90</td>\n",
       "      <td>5.33</td>\n",
       "    </tr>\n",
       "  </tbody>\n",
       "</table>\n",
       "</div>"
      ],
      "text/plain": [
       "      CRIM    ZN  INDUS  CHAS    NOX     RM   AGE     DIS  RAD    TAX  \\\n",
       "0  0.00632  18.0   2.31   0.0  0.538  6.575  65.2  4.0900  1.0  296.0   \n",
       "1  0.02731   0.0   7.07   0.0  0.469  6.421  78.9  4.9671  2.0  242.0   \n",
       "2  0.02729   0.0   7.07   0.0  0.469  7.185  61.1  4.9671  2.0  242.0   \n",
       "3  0.03237   0.0   2.18   0.0  0.458  6.998  45.8  6.0622  3.0  222.0   \n",
       "4  0.06905   0.0   2.18   0.0  0.458  7.147  54.2  6.0622  3.0  222.0   \n",
       "\n",
       "   PTRATIO       B  LSTAT  \n",
       "0     15.3  396.90   4.98  \n",
       "1     17.8  396.90   9.14  \n",
       "2     17.8  392.83   4.03  \n",
       "3     18.7  394.63   2.94  \n",
       "4     18.7  396.90   5.33  "
      ]
     },
     "execution_count": 11,
     "metadata": {},
     "output_type": "execute_result"
    }
   ],
   "source": [
    "bs.head()"
   ]
  },
  {
   "cell_type": "code",
   "execution_count": 18,
   "metadata": {},
   "outputs": [],
   "source": [
    "bs1 = bs.drop(\"ZN\" and \"INDUS\" and \"CHAS\",axis = 1).head()"
   ]
  },
  {
   "cell_type": "code",
   "execution_count": 19,
   "metadata": {},
   "outputs": [
    {
     "data": {
      "text/html": [
       "<div>\n",
       "<style scoped>\n",
       "    .dataframe tbody tr th:only-of-type {\n",
       "        vertical-align: middle;\n",
       "    }\n",
       "\n",
       "    .dataframe tbody tr th {\n",
       "        vertical-align: top;\n",
       "    }\n",
       "\n",
       "    .dataframe thead th {\n",
       "        text-align: right;\n",
       "    }\n",
       "</style>\n",
       "<table border=\"1\" class=\"dataframe\">\n",
       "  <thead>\n",
       "    <tr style=\"text-align: right;\">\n",
       "      <th></th>\n",
       "      <th>CRIM</th>\n",
       "      <th>ZN</th>\n",
       "      <th>INDUS</th>\n",
       "      <th>NOX</th>\n",
       "      <th>RM</th>\n",
       "      <th>AGE</th>\n",
       "      <th>DIS</th>\n",
       "      <th>RAD</th>\n",
       "      <th>TAX</th>\n",
       "      <th>PTRATIO</th>\n",
       "      <th>B</th>\n",
       "      <th>LSTAT</th>\n",
       "    </tr>\n",
       "  </thead>\n",
       "  <tbody>\n",
       "    <tr>\n",
       "      <th>CRIM</th>\n",
       "      <td>1.000000</td>\n",
       "      <td>-0.641718</td>\n",
       "      <td>-0.222977</td>\n",
       "      <td>-0.716845</td>\n",
       "      <td>0.586231</td>\n",
       "      <td>-0.398149</td>\n",
       "      <td>0.821613</td>\n",
       "      <td>0.821614</td>\n",
       "      <td>-0.775298</td>\n",
       "      <td>0.773251</td>\n",
       "      <td>0.126399</td>\n",
       "      <td>-0.016530</td>\n",
       "    </tr>\n",
       "    <tr>\n",
       "      <th>ZN</th>\n",
       "      <td>-0.641718</td>\n",
       "      <td>1.000000</td>\n",
       "      <td>-0.389920</td>\n",
       "      <td>0.986647</td>\n",
       "      <td>-0.467895</td>\n",
       "      <td>0.187497</td>\n",
       "      <td>-0.758406</td>\n",
       "      <td>-0.801784</td>\n",
       "      <td>0.944039</td>\n",
       "      <td>-0.946456</td>\n",
       "      <td>0.383312</td>\n",
       "      <td>-0.072414</td>\n",
       "    </tr>\n",
       "    <tr>\n",
       "      <th>INDUS</th>\n",
       "      <td>-0.222977</td>\n",
       "      <td>-0.389920</td>\n",
       "      <td>1.000000</td>\n",
       "      <td>-0.234730</td>\n",
       "      <td>-0.175443</td>\n",
       "      <td>0.669335</td>\n",
       "      <td>-0.304475</td>\n",
       "      <td>-0.237681</td>\n",
       "      <td>-0.064373</td>\n",
       "      <td>0.071763</td>\n",
       "      <td>-0.373544</td>\n",
       "      <td>0.508904</td>\n",
       "    </tr>\n",
       "    <tr>\n",
       "      <th>NOX</th>\n",
       "      <td>-0.716845</td>\n",
       "      <td>0.986647</td>\n",
       "      <td>-0.234730</td>\n",
       "      <td>1.000000</td>\n",
       "      <td>-0.524947</td>\n",
       "      <td>0.316312</td>\n",
       "      <td>-0.854438</td>\n",
       "      <td>-0.888413</td>\n",
       "      <td>0.985155</td>\n",
       "      <td>-0.986399</td>\n",
       "      <td>0.338559</td>\n",
       "      <td>0.013571</td>\n",
       "    </tr>\n",
       "    <tr>\n",
       "      <th>RM</th>\n",
       "      <td>0.586231</td>\n",
       "      <td>-0.467895</td>\n",
       "      <td>-0.175443</td>\n",
       "      <td>-0.524947</td>\n",
       "      <td>1.000000</td>\n",
       "      <td>-0.759995</td>\n",
       "      <td>0.608167</td>\n",
       "      <td>0.607411</td>\n",
       "      <td>-0.569900</td>\n",
       "      <td>0.568309</td>\n",
       "      <td>-0.625055</td>\n",
       "      <td>-0.714030</td>\n",
       "    </tr>\n",
       "    <tr>\n",
       "      <th>AGE</th>\n",
       "      <td>-0.398149</td>\n",
       "      <td>0.187497</td>\n",
       "      <td>0.669335</td>\n",
       "      <td>0.316312</td>\n",
       "      <td>-0.759995</td>\n",
       "      <td>1.000000</td>\n",
       "      <td>-0.667705</td>\n",
       "      <td>-0.632164</td>\n",
       "      <td>0.442936</td>\n",
       "      <td>-0.437744</td>\n",
       "      <td>0.374419</td>\n",
       "      <td>0.884107</td>\n",
       "    </tr>\n",
       "    <tr>\n",
       "      <th>DIS</th>\n",
       "      <td>0.821613</td>\n",
       "      <td>-0.758406</td>\n",
       "      <td>-0.304475</td>\n",
       "      <td>-0.854438</td>\n",
       "      <td>0.608167</td>\n",
       "      <td>-0.667705</td>\n",
       "      <td>1.000000</td>\n",
       "      <td>0.997592</td>\n",
       "      <td>-0.930945</td>\n",
       "      <td>0.928214</td>\n",
       "      <td>-0.132099</td>\n",
       "      <td>-0.285301</td>\n",
       "    </tr>\n",
       "    <tr>\n",
       "      <th>RAD</th>\n",
       "      <td>0.821614</td>\n",
       "      <td>-0.801784</td>\n",
       "      <td>-0.237681</td>\n",
       "      <td>-0.888413</td>\n",
       "      <td>0.607411</td>\n",
       "      <td>-0.632164</td>\n",
       "      <td>0.997592</td>\n",
       "      <td>1.000000</td>\n",
       "      <td>-0.954028</td>\n",
       "      <td>0.951782</td>\n",
       "      <td>-0.161907</td>\n",
       "      <td>-0.253885</td>\n",
       "    </tr>\n",
       "    <tr>\n",
       "      <th>TAX</th>\n",
       "      <td>-0.775298</td>\n",
       "      <td>0.944039</td>\n",
       "      <td>-0.064373</td>\n",
       "      <td>0.985155</td>\n",
       "      <td>-0.569900</td>\n",
       "      <td>0.442936</td>\n",
       "      <td>-0.930945</td>\n",
       "      <td>-0.954028</td>\n",
       "      <td>1.000000</td>\n",
       "      <td>-0.999973</td>\n",
       "      <td>0.281598</td>\n",
       "      <td>0.103807</td>\n",
       "    </tr>\n",
       "    <tr>\n",
       "      <th>PTRATIO</th>\n",
       "      <td>0.773251</td>\n",
       "      <td>-0.946456</td>\n",
       "      <td>0.071763</td>\n",
       "      <td>-0.986399</td>\n",
       "      <td>0.568309</td>\n",
       "      <td>-0.437744</td>\n",
       "      <td>0.928214</td>\n",
       "      <td>0.951782</td>\n",
       "      <td>-0.999973</td>\n",
       "      <td>1.000000</td>\n",
       "      <td>-0.284229</td>\n",
       "      <td>-0.099977</td>\n",
       "    </tr>\n",
       "    <tr>\n",
       "      <th>B</th>\n",
       "      <td>0.126399</td>\n",
       "      <td>0.383312</td>\n",
       "      <td>-0.373544</td>\n",
       "      <td>0.338559</td>\n",
       "      <td>-0.625055</td>\n",
       "      <td>0.374419</td>\n",
       "      <td>-0.132099</td>\n",
       "      <td>-0.161907</td>\n",
       "      <td>0.281598</td>\n",
       "      <td>-0.284229</td>\n",
       "      <td>1.000000</td>\n",
       "      <td>0.600525</td>\n",
       "    </tr>\n",
       "    <tr>\n",
       "      <th>LSTAT</th>\n",
       "      <td>-0.016530</td>\n",
       "      <td>-0.072414</td>\n",
       "      <td>0.508904</td>\n",
       "      <td>0.013571</td>\n",
       "      <td>-0.714030</td>\n",
       "      <td>0.884107</td>\n",
       "      <td>-0.285301</td>\n",
       "      <td>-0.253885</td>\n",
       "      <td>0.103807</td>\n",
       "      <td>-0.099977</td>\n",
       "      <td>0.600525</td>\n",
       "      <td>1.000000</td>\n",
       "    </tr>\n",
       "  </tbody>\n",
       "</table>\n",
       "</div>"
      ],
      "text/plain": [
       "             CRIM        ZN     INDUS       NOX        RM       AGE       DIS  \\\n",
       "CRIM     1.000000 -0.641718 -0.222977 -0.716845  0.586231 -0.398149  0.821613   \n",
       "ZN      -0.641718  1.000000 -0.389920  0.986647 -0.467895  0.187497 -0.758406   \n",
       "INDUS   -0.222977 -0.389920  1.000000 -0.234730 -0.175443  0.669335 -0.304475   \n",
       "NOX     -0.716845  0.986647 -0.234730  1.000000 -0.524947  0.316312 -0.854438   \n",
       "RM       0.586231 -0.467895 -0.175443 -0.524947  1.000000 -0.759995  0.608167   \n",
       "AGE     -0.398149  0.187497  0.669335  0.316312 -0.759995  1.000000 -0.667705   \n",
       "DIS      0.821613 -0.758406 -0.304475 -0.854438  0.608167 -0.667705  1.000000   \n",
       "RAD      0.821614 -0.801784 -0.237681 -0.888413  0.607411 -0.632164  0.997592   \n",
       "TAX     -0.775298  0.944039 -0.064373  0.985155 -0.569900  0.442936 -0.930945   \n",
       "PTRATIO  0.773251 -0.946456  0.071763 -0.986399  0.568309 -0.437744  0.928214   \n",
       "B        0.126399  0.383312 -0.373544  0.338559 -0.625055  0.374419 -0.132099   \n",
       "LSTAT   -0.016530 -0.072414  0.508904  0.013571 -0.714030  0.884107 -0.285301   \n",
       "\n",
       "              RAD       TAX   PTRATIO         B     LSTAT  \n",
       "CRIM     0.821614 -0.775298  0.773251  0.126399 -0.016530  \n",
       "ZN      -0.801784  0.944039 -0.946456  0.383312 -0.072414  \n",
       "INDUS   -0.237681 -0.064373  0.071763 -0.373544  0.508904  \n",
       "NOX     -0.888413  0.985155 -0.986399  0.338559  0.013571  \n",
       "RM       0.607411 -0.569900  0.568309 -0.625055 -0.714030  \n",
       "AGE     -0.632164  0.442936 -0.437744  0.374419  0.884107  \n",
       "DIS      0.997592 -0.930945  0.928214 -0.132099 -0.285301  \n",
       "RAD      1.000000 -0.954028  0.951782 -0.161907 -0.253885  \n",
       "TAX     -0.954028  1.000000 -0.999973  0.281598  0.103807  \n",
       "PTRATIO  0.951782 -0.999973  1.000000 -0.284229 -0.099977  \n",
       "B       -0.161907  0.281598 -0.284229  1.000000  0.600525  \n",
       "LSTAT   -0.253885  0.103807 -0.099977  0.600525  1.000000  "
      ]
     },
     "execution_count": 19,
     "metadata": {},
     "output_type": "execute_result"
    }
   ],
   "source": [
    "bs1.corr()"
   ]
  },
  {
   "cell_type": "code",
   "execution_count": null,
   "metadata": {},
   "outputs": [],
   "source": []
  }
 ],
 "metadata": {
  "kernelspec": {
   "display_name": "Python 3",
   "language": "python",
   "name": "python3"
  },
  "language_info": {
   "codemirror_mode": {
    "name": "ipython",
    "version": 3
   },
   "file_extension": ".py",
   "mimetype": "text/x-python",
   "name": "python",
   "nbconvert_exporter": "python",
   "pygments_lexer": "ipython3",
   "version": "3.7.3"
  }
 },
 "nbformat": 4,
 "nbformat_minor": 2
}
